0 1
1 4
2 4
3 3
4 4
5 5
6 4
7 8
8 4
9 4
10 7
11 8
12 9
13 8
14 8
15 11
16 8
17 11
18 13
19 10
20 12
21 12
22 4
23 8
24 9
25 16
26 11
27 16
28 17
29 17
30 10
31 16
32 20
33 11
34 18
35 16
36 23
37 27
38 14
39 11
40 14
41 15
42 21
43 8
44 21
45 16
46 19
47 13
48 10
49 16
50 11
51 12
52 15
53 15
54 14
55 9
56 17
57 9
58 10
59 13
60 14
61 12
62 6
63 13
64 12
65 16
66 7
67 6
68 7
69 17
70 10
71 9
72 15
73 6
74 5
75 9
76 6
77 4
78 9
79 3
80 8
81 1
82 8
83 3
84 5
85 8
86 7
87 2
88 6
89 4
90 1
91 2
92 1
93 5
94 1
95 2
96 5
97 3
98 2
99 4
