0 11
1 10
2 8
3 12
4 6
5 11
6 10
7 13
8 4
9 10
10 13
11 9
12 6
13 7
14 14
15 10
16 13
17 12
18 13
19 8
20 9
21 11
22 9
23 12
24 9
25 8
26 10
27 13
28 7
29 6
30 13
31 12
32 14
33 12
34 5
35 10
36 11
37 10
38 10
39 4
40 7
41 6
42 14
43 8
44 6
45 6
46 9
47 8
48 12
49 9
50 12
51 6
52 11
53 11
54 14
55 10
56 8
57 8
58 8
59 6
60 10
61 11
62 5
63 8
64 9
65 12
66 9
67 14
68 5
69 6
70 7
71 12
72 9
73 7
74 11
75 7
76 9
77 15
78 16
79 16
80 12
81 14
82 17
83 6
84 7
85 7
86 9
87 13
88 6
89 7
90 3
91 12
92 12
93 5
94 12
95 6
96 10
97 10
98 11
99 13
